96 612 4 12
7 14 37 proc11 33 7 34 8 21 9 14 10 1 11 8 12 26 13
8 14 14 proc53 0 9 1 13
8 COMPACTAR
13 37 5 proc29 2 21 1 22 2 30
16 59 36 proc8 2 20 22 21 34 25 17 39 8 42 32 46 11 50 15 53 17 57 16 58
25 61 9 proc16 2 28
26 36 28 proc28 22 26 4 27 17 28 5 30 10 31 0 32 16 35
27 73 40 proc24 20 28 6 45 5 46 29 48 33 57 30 61 4 67 30 68
28 72 10 proc56 3 38 3 44 4 46
32 73 16 proc49 3 37 9 41 0 45 12 54 12 55 5 57 3 59 15 63 6 67 7 69
37 40 15 proc34 12 37 0 38 7 39
37 83 24 proc40 18 42 22 66 24 79 12 80
41 43 10 proc18 7 41 4 42
42 58 42 proc61 18 42 38 44 13 48 9 51
44 60 4 proc12 4 44 3 52 2 55 3 59
44 56 14 proc45
44 90 34 proc55 31 49 4 53 18 54 26 56 23 59 23 71 34 85 8 89
46 63 13 proc47 6 47 10 48 10 51 1 55 3 57 6 58 13 60
49 53 36 proc31 13 49 13 50 29 51 15 52
50 55 15 proc25 14 51 8 52
53 COMPACTAR
56 74 20 proc10 3 56 6 58 6 68
59 83 12 proc15 8 62 1 65 3 68 5 72 5 82
60 83 21 proc51 3 60 21 67 6 79
67 114 18 proc38 8 100
68 78 2 proc33 1 70 1 74
70 83 3 proc43 1 70 2 74 3 75 2 81
72 80 47 proc41 23 76
80 124 33 proc36 9 82 31 88 23 113
80 120 20 proc57 12 98 5 100 13 108 1 110 11 118
83 91 1 proc59 0 83 1 84 1 88 1 89 1 90
88 117 13 proc32 12 93 9 94 12 100 2 103 12 116
88 123 44 proc44 38 95 38 99 19 102 8 106 8 107 35 111 31 114 34 117
89 121 41 proc0 0 115 18 118
93 113 21 proc37 8 95 3 96 4 97 0 103 9 106 5 107 10 108 9 109 12 110 13 112
93 109 42 proc58 38 93 3 94 39 99 4 101 12 102 19 105 33 106
95 109 31 proc22 25 96 31 98 30 99 3 100 24 104
96 102 48 proc2 15 96 35 97 39 98 36 99 22 100 27 101
98 126 36 proc26 36 99 30 101 13 102 0 106 34 107 22 112 7 120 21 124
106 COMPACTAR
108 120 5 proc3 0 109 3 110 3 111 0 114 5 115 5 117 4 119
109 122 48 proc63 40 115
109 COMPACTAR
113 124 31 proc27 23 114
120 154 35 proc30 22 131 24 132 21 138 18 144 34 146 23 149
120 128 16 proc39 9 120 16 121 9 122 15 123 4 124 9 125 9 126 8 127
121 150 28 proc42 14 122 13 123 9 125 1 130 21 134 21 138 5 140 12 144 5 146
123 131 31 proc48 19 124
125 138 2 proc52 2 125 2 131 0 132 2 134 1 136
127 141 33 proc60 4 128 4 132 28 136 18 138 19 139
128 137 46 proc23 42 128 24 129 21 131 24 136
129 141 15 proc13 12 129 7 133
131 165 18 proc46 18 134 5 145 17 148 16 158 0 163
133 161 15 proc4 4 140 14 141
133 164 29 proc7 8 135 21 138 18 140 19 151 0 154 11 159 12 162 6 163
134 137 4 proc1 3 134 4 135 2 136
134 180 21 proc54 10 168 10 173
136 COMPACTAR
138 184 31 proc62 0 138 26 143 30 144 31 145 3 164
141 184 6 proc6 2 145 6 148 4 153 6 160 6 169 1 170 2 172 6 179 3 181 1 182
141 170 24 proc21 4 147 24 150 13 156 0 159 15 160 17 168 0 169
143 147 4 proc5 0 143 0 144 3 145 4 146
147 167 14 proc19 11 147 3 148 0 149 9 152 5 153 12 155 9 157 6 158 6 159 6 162
151 176 23 proc9 13 152 10 153 6 155 12 161 14 168 19 169 9 170 16 172 4 173
153 162 12 proc14 1 155 11 157 10 158
153 176 42 proc35 27 161 34 162 11 163 38 166 40 172 23 174
156 197 47 proc17 5 159 32 165 32 170 5 172 21 174 20 178 31 179 43 186 28 188 40 196
160 200 17 proc50 8 167 14 176 6 184 9 190
161 COMPACTAR
166 200 13 proc20 1 168 5 170 1 180 3 185 3 186 13 188 11 190 0 191
