144 756 4 12
3 22 3 proc58
7 28 19 proc9 6 16 10 17 14 20 17 24 5 25
11 53 14 proc29 11 18 9 25 4 38
13 51 43 proc59 28 44
16 19 12 proc34 2 16 0 18
17 18 25 proc43 25 17
18 52 22 proc53 16 18 17 22 12 29 7 31 16 42 0 46
21 61 11 proc47 8 28 9 36 11 44
21 COMPACTAR
23 44 9 proc22 5 24 0 26 4 29 7 36 1 38 2 40 1 41
23 52 28 proc48 27 30 14 31 11 35 0 37 6 38 8 43 23 44 23 47 17 48 23 49
24 54 16 proc61 10 30
27 57 4 proc62 1 32 3 41 4 42 0 43 3 44 2 47 0 48 1 49 2 51 0 55
29 58 25 proc26
35 47 9 proc24 0 35 1 38 5 44
35 39 46 proc32 44 35 27 38
38 54 7 proc5 7 41 7 43 0 44 6 45 0 47 4 49 1 50 0 51
39 70 5 proc38 3 50
40 59 43 proc0 23 40 10 42 34 43 25 44 33 45 25 50 26 51
43 47 43 proc56 37 43 12 44 21 45 14 46
50 96 29 proc30 1 55 9 58 25 74 16 80 10 85 20 89 25 93 5 94
57 81 10 proc39 10 60 10 62 7 63 1 64 1 65 3 69 1 73 7 77
58 66 37 proc52
59 74 25 proc8 13 67 5 71
60 61 48 proc7 37 60
61 COMPACTAR
68 73 17 proc33 6 68 9 69 16 70 16 71 8 72
72 85 10 proc16
74 105 32 proc21 9 76 31 85 26 87 15 91 2 101 5 104
78 103 45 proc19 23 84 20 88 22 92 7 93 3 95 10 96 40 100 21 102
80 103 15 proc57 15 89 5 91 2 92 6 95 9 97
84 105 34 proc51 10 87 28 88 18 91 27 93 14 97
86 117 8 proc63 5 97
97 101 37 proc3 35 97 15 98
98 144 31 proc45 1 102 25 127
100 123 15 proc60 15 112 8 120 12 122
104 142 30 proc27 13 104 29 108 6 114 4 115 13 119 23 122 23 123 17 124 18 132 4 133
104 COMPACTAR
105 107 19 proc35 11 105 10 106
105 127 9 proc40 4 106 5 111 5 112 7 113 5 114 9 117 0 118 5 122 4 125 4 126
106 131 46 proc6 27 110
106 110 46 proc25 22 106 9 107 15 108 20 109
109 148 28 proc18 19 109 22 118 0 119 20 121 3 126 9 128 27 130 10 135 19 145
109 147 41 proc23 37 110 21 116 18 117 22 123 8 124 25 129 16 135 35 137 39 139
112 132 25 proc44 5 120 10 122 25 125 5 128
119 162 16 proc12
123 155 44 proc4 29 151
127 135 19 proc49 19 127 7 128 17 129 5 130 14 133
129 159 38 proc11 35 133 12 150 18 157
129 141 42 proc28 19 129 27 130 30 131 32 132 13 133 29 135 39 136 10 138 22 139
132 150 47 proc14 1 134 36 135 43 139 5 144 41 146
134 180 46 proc15 5 157 11 160 1 161 17 166 12 173 15 176 7 179
134 155 17 proc37 16 135 3 136
137 166 9 proc31 2 137 1 143 1 145 6 149 6 151 5 152 1 155 9 156 1 161 2 165
138 156 33 proc55 19 138 8 142 22 144 27 146 18 152 8 153 21 155
140 185 5 proc17 2 146 3 147 3 163 3 167 1 173 1 176 1 183
145 191 39 proc13 0 163 34 177 13 190
149 166 31 proc36 31 149 0 153 26 154 26 161 20 162 20 163 5 165
151 199 25 proc42 10 158 21 160 5 162 15 164 2 169 22 172 13 185 7 192 7 195 5 198
151 182 3 proc46 3 158 3 163 3 164 0 178 1 180
157 172 3 proc54 3 159 2 162 1 169
160 177 9 proc41 7 162 9 165 3 167 1 168 4 170 0 171 5 173
163 188 6 proc10 6 166 3 172 0 173 6 176
165 176 7 proc2 0 166 0 168 3 171 5 173 7 174 4 175
166 195 21 proc20 11 181 1 182
167 COMPACTAR
168 187 13 proc50 3 168 12 172 11 184
168 COMPACTAR
169 174 36 proc1 4 172
