128 8096 8 16
1 4 101 proc0 0 1 1 2 1 1 6 2 6 3 1 3 0 4
1 8 111 proc1 0 1 1 2 6 1 2 2 5 5 6 6 6 7 1 7 0 8
1 7 67 proc2 0 1 1 2 4 1 1 2 4 3 4 4 1 5 4 6 1 6 0 7
1 12 125 proc3 0 1 1 2 7 1 7 2 1 3 7 4 3 7 7 8 1 9 7 10 2 11 1 11 0 12
1 8 91 proc4 0 1 1 2 2 1 5 2 5 3 5 5 5 6 1 7 0 8
1 5 84 proc5 0 1 1 2 5 1 5 2 5 3 1 4 0 5
1 7 85 proc6 0 1 1 2 5 1 5 3 5 4 5 6 1 6 0 7
1 10 90 proc7 0 1 1 2 5 1 5 3 5 4 5 5 5 7 5 8 2 9 1 9 0 10
2 11 88 proc8 0 2 1 3 1 2 5 3 5 4 5 7 5 9 1 10 0 11
3 14 78 proc9 0 3 1 4 4 3 2 4 4 5 4 6 3 8 4 9 4 11 4 12 1 13 0 14
3 8 74 proc10 0 3 1 4 4 3 4 5 4 6 1 7 0 8
3 7 67 proc11 0 3 1 4 4 3 4 4 4 5 1 6 1 6 0 7
4 15 68 proc12 0 4 1 5 4 4 2 5 3 6 1 8 4 9 4 10 4 11 4 12 1 14 0 15
5 8 68 proc13 0 5 1 6 4 5 3 7 1 7 0 8
5 9 108 proc14 0 5 1 6 6 5 6 6 6 8 1 8 0 9
5 14 100 proc15 0 5 1 6 6 5 1 6 6 7 6 8 6 9 6 10 6 12 3 13 1 13 0 14
5 13 65 proc16 0 5 1 6 3 5 4 6 2 7 4 8 4 9 4 10 4 11 4 12 1 12 0 13
5 8 68 proc17 0 5 1 6 4 5 4 6 4 7 1 7 0 8
6 10 80 proc18 0 6 1 7 5 6 5 7 5 8 5 9 1 9 0 10
7 13 87 proc19 0 7 1 8 5 7 4 8 1 9 4 10 5 11 1 12 0 13
8 10 72 proc20 0 8 1 9 4 8 1 9 0 10
8 15 82 proc21 0 8 1 9 5 8 5 12 5 13 1 14 0 15
8 17 106 proc22 0 8 1 9 2 8 6 9 6 11 6 12 1 13 6 14 6 16 1 16 0 17
8 15 106 proc23 0 8 1 9 6 8 6 10 6 11 6 12 3 13 1 14 0 15
8 16 119 proc24 0 8 1 9 7 8 7 10 7 11 3 14 5 15 1 15 0 16
9 16 115 proc25 0 9 1 10 7 9 5 10 7 11 7 13 7 14 4 15 1 15 0 16
10 15 78 proc26 0 10 1 11 4 10 4 14 1 14 0 15
11 21 122 proc27 0 11 1 12 7 11 4 12 2 15 7 16 7 17 1 20 1 20 0 21
12 20 74 proc28 0 12 1 13 4 12 2 13 4 17 4 18 4 19 1 19 0 20
13 22 119 proc29 0 13 1 14 1 13 7 14 6 15 7 16 7 17 7 18 1 19 7 20 1 21 1 21 0 22
13 22 87 proc30 0 13 1 14 5 13 5 14 5 15 5 16 5 17 5 19 5 20 1 21 0 22
14 21 88 proc31 0 14 1 15 5 14 5 15 5 16 5 18 5 19 1 20 0 21
14 24 82 proc32 0 14 1 15 5 14 3 16 5 19 5 20 5 21 2 22 1 23 0 24
15 24 99 proc33 0 15 1 16 6 15 4 18 2 19 6 22 6 23 1 23 0 24
16 20 69 proc34 0 16 1 17 2 16 4 17 4 18 4 19 1 19 0 20
17 20 103 proc35 0 17 1 18 2 17 3 19 1 19 0 20
17 26 84 proc36 0 17 1 18 5 17 5 19 3 21 5 23 5 24 2 25 1 25 0 26
17 20 96 proc37 0 17 1 18 6 17 6 18 6 19 1 19 0 20
17 19 79 proc38 0 17 1 18 4 17 4 18 1 18 0 19
18 25 112 proc39 0 18 1 19 7 18 1 20 7 21 7 23 1 24 0 25
19 26 83 proc40 0 19 1 20 5 19 1 20 5 21 5 25 1 25 0 26
19 24 65 proc41 0 19 1 20 4 19 4 21 4 22 4 23 1 23 0 24
20 25 109 proc42 0 20 1 21 2 20 5 21 6 22 6 23 1 24 0 25
21 24 108 proc43 0 21 1 22 4 21 6 23 1 23 0 24
22 33 126 proc44 0 22 1 23 7 22 7 25 5 27 7 30 6 32 1 32 0 33
22 29 126 proc45 0 22 1 23 3 22 7 23 7 24 1 25 7 26 7 27 3 28 1 28 0 29
22 25 92 proc46 0 22 1 23 5 22 5 23 5 24 1 24 0 25
23 29 93 proc47 0 23 1 24 4 23 5 26 3 27 1 28 0 29
23 33 66 proc48 0 23 1 24 4 23 4 25 4 26 4 27 4 28 4 30 4 31 4 32 1 32 0 33
24 27 126 proc49 0 24 1 25 4 24 7 25 3 26 1 26 0 27
25 32 126 proc50 0 25 1 26 7 25 7 29 7 30 3 31 1 31 0 32
26 34 98 proc51 0 26 1 27 6 26 3 30 6 31 6 32 6 33 1 33 0 34
26 35 66 proc52 0 26 1 27 4 26 4 27 4 30 4 31 4 32 4 33 1 34 0 35
26 28 105 proc53 0 26 1 27 6 26 3 27 1 27 0 28
27 31 66 proc54 0 27 1 28 4 27 4 28 1 29 4 30 1 30 0 31
28 31 87 proc55 0 28 1 29 4 28 4 29 1 30 0 31
29 34 108 proc56 0 29 1 30 1 29 3 30 5 32 6 33 1 33 0 34
30 34 126 proc57 0 30 1 31 7 30 4 31 7 33 1 33 0 34
30 41 123 proc58 0 30 1 31 1 30 7 31 3 34 7 36 7 37 7 39 7 40 1 40 0 41
31 35 65 proc59 0 31 1 32 4 31 4 32 4 33 4 34 1 34 0 35
32 37 114 proc60 0 32 1 33 7 32 4 34 7 35 7 36 1 36 0 37
32 36 89 proc61 0 32 1 33 5 32 5 33 5 35 1 35 0 36
32 39 65 proc62 0 32 1 33 1 32 4 34 4 35 4 37 1 38 0 39
32 40 88 proc63 0 32 1 33 5 32 5 33 5 35 5 37 5 38 5 39 1 39 0 40
33 36 87 proc64 0 33 1 34 3 33 3 34 3 35 1 35 0 36
34 36 101 proc65 0 34 1 35 6 34 1 35 0 36
34 44 83 proc66 0 34 1 35 5 34 2 35 5 36 3 38 5 39 5 41 5 43 1 43 0 44
35 37 117 proc67 0 35 1 36 7 35 1 36 0 37
35 40 127 proc68 0 35 1 36 7 35 7 36 7 38 1 39 0 40
35 37 79 proc69 0 35 1 36 4 35 4 36 1 36 0 37
36 38 89 proc70 0 36 1 37 5 36 5 37 1 37 0 38
36 47 100 proc71 0 36 1 37 2 36 6 40 6 41 5 42 6 44 6 45 1 46 0 47
36 44 116 proc72 0 36 1 37 7 36 3 38 7 40 6 41 4 42 3 43 1 43 0 44
36 42 95 proc73 0 36 1 37 5 36 5 37 5 38 5 39 5 40 5 41 1 41 0 42
37 42 117 proc74 0 37 1 38 7 37 7 38 7 39 7 40 7 41 1 41 0 42
37 39 123 proc75 0 37 1 38 1 37 1 38 0 39
37 43 120 proc76 0 37 1 38 7 37 7 38 7 40 7 41 7 42 1 42 0 43
37 46 107 proc77 0 37 1 38 6 37 6 38 6 40 6 41 1 42 6 43 6 45 1 45 0 46
37 46 87 proc78 0 37 1 38 5 37 3 38 5 39 5 40 5 41 2 42 5 43 1 45 0 46
38 46 96 proc79 0 38 1 39 6 38 2 39 6 41 4 45 1 45 0 46
39 41 123 proc80 0 39 1 40 5 39 7 40 1 40 0 41
39 41 116 proc81 0 39 1 40 3 39 5 40 1 40 0 41
39 46 79 proc82 0 39 1 40 4 39 4 40 4 41 4 45 1 45 0 46
39 44 116 proc83 0 39 1 40 2 39 7 40 6 41 7 42 1 43 0 44
39 46 95 proc84 0 39 1 40 5 39 5 42 5 43 5 44 1 45 0 46
40 51 110 proc85 0 40 1 41 6 40 1 42 2 43 6 44 4 45 6 47 6 48 6 49 6 50 1 50 0 51
40 49 74 proc86 0 40 1 41 4 40 4 41 2 42 4 43 4 44 2 45 4 46 1 48 1 48 0 49
41 49 104 proc87 0 41 1 42 6 41 6 42 6 43 6 45 6 46 1 48 0 49
41 44 127 proc88 0 41 1 42 7 41 1 42 6 43 1 43 0 44
42 49 107 proc89 0 42 1 43 5 42 6 43 6 45 3 47 3 48 1 48 0 49
42 44 124 proc90 0 42 1 43 7 42 1 43 0 44
43 47 105 proc91 0 43 1 44 6 43 6 44 6 45 2 46 1 46 0 47
44 52 98 proc92 0 44 1 45 6 44 6 46 3 47 6 48 2 49 6 50 6 51 1 51 0 52
44 55 94 proc93 0 44 1 45 5 44 5 45 5 46 1 47 5 48 4 53 5 54 1 54 0 55
44 50 96 proc94 0 44 1 45 5 44 5 45 6 46 4 47 6 48 6 49 1 49 0 50
44 55 98 proc95 0 44 1 45 6 44 6 45 6 46 6 47 6 48 6 49 6 50 6 52 6 53 6 54 1 54 0 55
45 54 117 proc96 0 45 1 46 7 45 7 48 7 49 4 50 7 51 6 53 1 53 0 54
46 55 99 proc97 0 46 1 47 6 46 2 48 6 53 3 54 1 54 0 55
46 56 124 proc98 0 46 1 47 7 46 7 47 7 48 3 49 7 51 7 52 7 54 7 55 1 55 0 56
46 52 95 proc99 0 46 1 47 5 46 5 47 5 48 3 50 1 51 0 52
